656          [8075, 1559, 7376, 1155, 6980, 8400, 9936, 3131, 7795, 8785, 2959]          2018-02-10          00:30          basketball
859          [4676, 9386]          2018-06-21          21:21          foraging
228          [7376, 4985, 1048, 1882, 8047, 6782, 2225, 5696, 7156, 1020, 3286, 6836, 5554]          2018-11-06          01:53          flying
696          [1329, 3710, 5269, 8785]          2018-06-26          10:06          flag football
184          [8809, 3131, 7559, 1329, 8938, 6469, 9277, 9451, 1559, 1882]          2018-01-05          01:19          handball
635          [5393, 1387, 3962, 4676, 5864]          2017-01-05          12:44          graffiti
137          [5864, 1882, 8047, 8848, 4712, 9936, 6394]          2017-08-02          01:26          baseball
605          [7559, 2225, 5209]          2018-09-01          23:47          blacksmithing
456          [7285]          2018-12-19          22:27          blacksmithing
413          [7795, 9277, 3353, 5864, 6069, 5287]          2017-11-19          22:57          foraging
727          [2423, 4491, 6469]          2017-04-22          13:12          bird watching
446          [2423, 6836, 8785, 5209, 4830, 6469, 6557, 5435, 4113, 2957]          2017-01-12          22:47          beekeeping
439          [8848, 8449, 9933, 5269]          2018-04-22          13:56          flag football
205          [2759, 9362, 5696, 9933, 6836, 3131, 1329]          2017-11-21          12:28          fishing
369          [6557]          2017-12-25          10:29          canoeing
807          [8075, 7985, 8785, 4712, 6394, 6469, 1155, 1882, 9321]          2018-05-05          02:57          ghost hunting
597          [7156, 3710, 8755, 1155, 5872, 2959, 2423, 7285, 4392]          2018-11-25          13:17          brazilian jiu-jitsu
535          [8449, 8819, 7156, 5287, 9743, 5435, 8400, 4712, 8809, 8361, 2957]          2017-11-03          00:41          fishing
882          [1753, 8361, 1612]          2017-07-04          01:34          ghost hunting
737          [5393, 1064, 5209, 4676]          2018-07-04          10:06          handball
166          [1064, 5269, 6782, 9743, 8938, 4491, 4712, 6953, 6069, 3930, 8848, 1048]          2018-03-15          02:49          canoeing
126          [7795, 6394]          2017-03-04          13:29          foraging
999          [8846, 8785, 1020, 4752, 4683, 3286, 6980, 5209, 1882]          2017-05-21          23:47          flying disc
238          [1559, 1366, 9321, 9362, 9634, 7376, 8135, 4712]          2017-02-06          13:48          freestyle football
460          [3930, 8846, 3460]          2017-02-26          23:07          bodybuilding
834          [5554, 5872, 8755, 5209, 5269, 3710, 2759]          2018-12-12          11:11          basketball
229          [6557, 9936, 4676, 9879]          2017-01-01          02:31          ghost hunting
454          [2225, 5269, 6069, 6699, 9634, 5287, 1155, 1329, 9936, 7539, 8819, 8267, 4712]          2017-10-06          22:55          driving
296          [5393, 3463, 3637, 8135, 1366, 7285, 1698, 7376, 9321]          2018-11-14          12:42          freestyle football
529          [9936, 4392, 4491, 1064, 1753, 6836, 7376, 3829, 5269, 4175, 6737]          2018-09-05          20:32          driving
225          [2423, 8848, 4491, 6836, 5549, 4683, 3710, 4712, 2957, 7539]          2017-08-14          11:12          board sports
251          [1882, 7539, 3637, 5287, 8135, 3286, 6980, 8361, 3353]          2018-01-16          10:22          canoeing
973          [8938, 6469, 2423, 9386, 1020, 9936, 4530, 6490, 6391, 8848]          2017-04-19          23:01          baseball
709          [5393, 7156, 4530, 6490, 1366, 8047, 8809, 9634, 1753, 4175, 6836, 4830]          2017-10-01          11:58          bmx
136          [8135, 5805, 6699, 9386, 8267, 5209, 6469, 4113, 8819, 6069, 8400]          2017-11-23          00:19          bird watching
768          [5287, 8848, 1048, 1155, 4712, 3962, 4392]          2017-09-24          23:15          dowsing
886          [3286, 1020, 5209, 2959]          2018-04-07          22:19          handball
116          [5287, 6587, 4712, 5698]          2018-05-09          01:56          canoeing
156          [2759, 4676, 1698, 3353]          2018-11-26          10:14          freestyle football
357          [8938, 4985, 8848, 1366, 9321, 2225, 3829, 8785]          2017-04-16          13:59          fishing
993          [5805, 3637, 9933, 5893, 8315, 9879, 1366, 8361, 5287, 5209, 8755]          2017-04-26          03:47          graffiti
630          [4491, 1020, 9933, 1064]          2017-12-26          23:35          canyoning
498          [2423]          2017-05-03          02:07          fishing
959          [8785, 7795, 7985, 1753, 5393, 8938, 1155, 6782, 6394, 6836, 7156]          2018-08-26          02:53          bird watching
403          [3962, 8819, 5872, 3286, 4491, 5269, 7285, 8075, 4985, 2423, 5209]          2017-01-18          03:16          canoeing
268          [8449]          2017-09-27          10:05          baseball
485          [1329, 3460, 6737, 5393, 6069, 8846, 2541, 8315, 2957, 2386]          2018-06-09          03:30          freestyle football
380          [6394, 4175, 6391, 3637, 2002, 1020, 6069, 4985, 2423, 2541, 4491, 7376, 5554, 6782]          2018-06-25          10:34          canyoning
966          [5549, 8910, 4113, 9321]          2018-04-11          02:12          handball
507          [9936, 7156, 4985, 1020, 8848, 5872, 1048, 2759]          2018-05-04          11:54          beekeeping
679          [2225]          2017-05-01          21:30          bodybuilding
856          [2541, 8449, 3286, 9879]          2017-12-27          03:05          canyoning
532          [9634, 2957, 9743, 8361]          2017-02-25          11:05          dowsing
568          [3286, 8910, 5554, 5696]          2017-06-18          11:04          flying
421          [6394, 6980, 1155, 8047, 6557, 8267, 4712, 1366, 7559, 1329]          2017-07-14          01:11          bird watching
158          [1387, 7985, 6953, 6699, 4985, 8819, 9451]          2017-02-13          21:25          gardening
243          [5287, 5698, 8449, 6469, 6737, 4530, 6557, 8047, 2386, 4676, 1559]          2018-08-01          03:58          basketball
308          [1753, 6587, 6469, 6557, 2957, 7285, 2225, 3962]          2017-08-04          20:22          driving
497          [6394, 1698, 4712, 3460, 2002, 8449, 4683, 6782, 7539]          2018-05-07          01:42          camping
823          [7285, 4392, 9634]          2018-03-17          21:20          canyoning
574          [3131, 1366, 6557]          2017-02-24          21:43          gardening
788          [1064, 8400]          2018-03-23          12:14          gardening
931          [8400, 6587, 5435, 5696, 1612, 7285, 1559, 6391, 5269, 4752]          2017-01-04          23:22          camping
466          [8400, 3829, 8819, 6980, 5698, 3131, 9362]          2018-12-03          11:52          baseball
883          [9879, 9451, 3637, 5287, 1366, 8361, 1612, 4712, 9362, 4113, 7795]          2017-08-11          11:24          foraging
128          [6069, 8400, 9936, 6394, 3962, 1048, 2002, 5269, 4683, 3930, 9386]          2018-10-14          21:00          bmx
578          [3131, 9936, 6980, 6836, 8910, 8267, 5805]          2018-04-03          20:53          bodybuilding
932          [4712, 6836, 7285, 9321, 8910, 8135, 8848, 5698, 2423, 3829, 4752, 8755]          2018-11-19          01:29          canyoning
791          [3930, 1329, 7156, 1387, 6836, 9933, 4392, 9634, 8449, 7559, 8846, 2423]          2018-05-11          02:40          blacksmithing
805          [7285, 1366, 4985, 5269, 8848]          2017-02-15          23:14          freestyle football
234          [9879, 4113, 8267, 5209, 8809, 3463, 5549, 6069, 6469, 5287, 6394, 8910, 1048]          2017-09-01          23:32          blacksmithing
478          [8047, 4676, 9451, 8846, 6394, 9277, 2957]          2018-07-24          02:38          driving
371          [8135, 1612, 9933, 6836, 6557, 6980, 5554, 2957, 6737, 1366, 6953, 9936]          2017-12-17          02:17          baseball
644          [6737, 8267, 4683, 6557, 4392, 4712, 7156, 4830, 4530, 1753, 3463, 4676, 8809]          2018-12-17          13:53          bird watching
519          [5287, 1064, 8809, 5209, 8848]          2017-07-21          01:03          flying
610          [8400]          2018-10-12          01:07          bmx
970          [2423, 9277]          2017-10-12          20:00          foraging
814          [3463, 5269]          2018-08-05          02:00          gardening
179          [4830, 9743, 8938]          2018-06-07          03:41          canyoning
262          [3710, 5287, 3131]          2018-06-08          21:25          brazilian jiu-jitsu
492          [8846, 5554, 3286, 1612, 2957, 6069, 2959, 1329]          2018-10-05          01:26          freestyle football
366          [1387]          2017-02-18          12:47          bmx
537          [9321, 1882, 9879, 6782, 5864, 9386, 2225]          2017-07-11          13:45          camping
721          [8315]          2017-01-26          23:37          blacksmithing
484          [8135, 7795]          2017-03-15          00:04          driving
878          [8848]          2018-12-08          12:36          gardening
887          [1559, 8910, 2959, 5864, 9936, 8848]          2017-03-21          20:47          driving
511          [6782, 4712, 4113, 8267, 5393, 3353, 5893, 8846]          2018-12-11          12:00          camping
865          [5805, 5269, 6782, 9743, 2225, 6836, 3460, 9936, 1387, 7559]          2017-04-25          12:50          graffiti
416          [9451, 3353, 6980, 3829, 9933, 8135, 1155, 9277, 1559, 5269, 9634, 9879, 8400, 3460]          2017-10-21          02:43          beekeeping
579          [8938, 9743, 5554, 4676, 5872, 2386, 1048]          2018-10-24          20:58          dowsing
842          [3131, 9933, 5435, 8400, 9451, 8361, 2423, 8075, 4985]          2017-03-17          13:11          flying disc
394          [9321, 6836]          2018-08-13          23:50          basketball
885          [3286, 7539, 8267, 2386, 8809, 6557, 1048, 1753, 3710, 6836, 6953, 8848]          2018-11-23          22:50          blacksmithing
585          [8400, 9277]          2018-11-21          12:11          ghost hunting
799          [5393]          2018-09-15          10:40          gardening
675          [4752, 7156, 1698]          2018-05-22          02:25          brazilian jiu-jitsu
104          [6587, 8910]          2017-09-20          23:23          canyoning
425          [7376, 1612, 5549, 2002, 5554, 5698, 1698, 5435, 5696, 9634]          2017-04-06          01:03          board sports
